0035 0000000000
0035 0000000021
0035 0000000042
0035 0000000063
0035 0000000084
0035 0000000105
0035 0000000126
0046 0000000000
0046 0000000021
0046 0000000042
0046 0000000063
0046 0000000084
0046 0000000105
0048 0000000000
0048 0000000021
0093 0000000000
0093 0000000021
0093 0000000042
0093 0000000063
0093 0000000084
0093 0000000105
0093 0000000126
0093 0000000147
0093 0000000168
0093 0000000189
0093 0000000210
0093 0000000231
0093 0000000252
0093 0000000273
0093 0000000294
0093 0000000315
0093 0000000336
0093 0000000357
0093 0000000378
0093 0000000399
0093 0000000420
0104 0000000000
0104 0000000021
0104 0000000042
0104 0000000063
0104 0000000084
0104 0000000105
0104 0000000126
0104 0000000147
0104 0000000168
0104 0000000189
0104 0000000210
0104 0000000231
0104 0000000252
0104 0000000273
0104 0000000294
0106 0000000000
0106 0000000021
0106 0000000042
0106 0000000063
0106 0000000084
0106 0000000105
0106 0000000126
0106 0000000147
0106 0000000168
0106 0000000189
0106 0000000210
0018 0000000000
0018 0000000021
0018 0000000042
0018 0000000063
0018 0000000084
0018 0000000105
0018 0000000126
0018 0000000147
0018 0000000168
0018 0000000189
0018 0000000210
0018 0000000231
0018 0000000252
0018 0000000273
0018 0000000294
0018 0000000315
0018 0000000336
0018 0000000357
0018 0000000378
0018 0000000399
0018 0000000420
0018 0000000441
0018 0000000462
0018 0000000483
0018 0000000504
0018 0000000525
0018 0000000546
0018 0000000567
0018 0000000588
0018 0000000609
0018 0000000630
0018 0000000651
0018 0000000672
0018 0000000693
0018 0000000714
0018 0000000735
0018 0000000756
0018 0000000777
0018 0000000798
0018 0000000819
0018 0000000840
0018 0000000861
0018 0000000882
0018 0000000903
0018 0000000924
0018 0000000945
0018 0000000966
0018 0000000987
0018 0000001008
0018 0000001029
0018 0000001050
0018 0000001071
0018 0000001092
0018 0000001113
0018 0000001134
0018 0000001155
0018 0000001176
0018 0000001197
0018 0000001218
0018 0000001239
0018 0000001260
0018 0000001281
0018 0000001302
0018 0000001323
0018 0000001344
0018 0000001365
0018 0000001386
0018 0000001407
0018 0000001428
0018 0000001449
0018 0000001470
0018 0000001491
0018 0000001512
0018 0000001533
0018 0000001554
0018 0000001575
0018 0000001596
0018 0000001617
0018 0000001638
0018 0000001659
0018 0000001680
0018 0000001701
0018 0000001722
0018 0000001743
0018 0000001764
0018 0000001785
0018 0000001806
0018 0000001827
0018 0000001848
0018 0000001869
0018 0000001890
0018 0000001911
0018 0000001932
0018 0000001953
0018 0000001974
0018 0000001995
0018 0000002016
0018 0000002037
0018 0000002058
0018 0000002079
0018 0000002100
0018 0000002121
0018 0000002142
0018 0000002163
0018 0000002184
0018 0000002205
0018 0000002226
0018 0000002247
0018 0000002268
0018 0000002289
0018 0000002310
0018 0000002331
0018 0000002352
0018 0000002373
0018 0000002394
0018 0000002415
0018 0000002436
0018 0000002457
0018 0000002478
0018 0000002499
0018 0000002520
0018 0000002541
0018 0000002562
0018 0000002583
0018 0000002604
0018 0000002625
0018 0000002646
0018 0000002667
0018 0000002688
0018 0000002709
0018 0000002730
0018 0000002751
